0 0.412820512821 0.446428571429 0.694871794872 0.832142857143
0 0.697435897436 0.607142857143 0.905128205128 0.828571428571
0 0.725641025641 0.496428571429 0.958974358974 0.764285714286
0 0.733333333333 0.267857142857 0.905128205128 0.4928571428570 0.412820512821 0.446428571429 0.694871794872 0.832142857143
0 0.697435897436 0.607142857143 0.905128205128 0.828571428571
0 0.725641025641 0.496428571429 0.958974358974 0.764285714286
0 0.733333333333 0.267857142857 0.905128205128 0.4928571428570 0.412820512821 0.446428571429 0.694871794872 0.832142857143
0 0.697435897436 0.607142857143 0.905128205128 0.828571428571
0 0.725641025641 0.496428571429 0.958974358974 0.764285714286
0 0.733333333333 0.267857142857 0.905128205128 0.4928571428570 0.412820512821 0.446428571429 0.694871794872 0.832142857143
0 0.697435897436 0.607142857143 0.905128205128 0.828571428571
0 0.725641025641 0.496428571429 0.958974358974 0.764285714286
0 0.733333333333 0.267857142857 0.905128205128 0.4928571428570 0.412820512821 0.446428571429 0.694871794872 0.832142857143
0 0.697435897436 0.607142857143 0.905128205128 0.828571428571
0 0.725641025641 0.496428571429 0.958974358974 0.764285714286
0 0.733333333333 0.267857142857 0.905128205128 0.4928571428570 0.412820512821 0.446428571429 0.694871794872 0.832142857143
0 0.697435897436 0.607142857143 0.905128205128 0.828571428571
0 0.725641025641 0.496428571429 0.958974358974 0.764285714286
0 0.733333333333 0.267857142857 0.905128205128 0.4928571428570 0.0384615384615 0.375 0.341025641026 0.853571428571
0 0.215384615385 0.567857142857 0.410256410256 0.839285714286
0 0.412820512821 0.446428571429 0.694871794872 0.832142857143
0 0.697435897436 0.607142857143 0.905128205128 0.828571428571
0 0.725641025641 0.496428571429 0.958974358974 0.764285714286
0 0.733333333333 0.267857142857 0.905128205128 0.492857142857