0 0.525597269625 0.675 0.704778156997 0.803571428571
0 0.561433447099 0.471428571429 0.757679180887 0.664285714286
0 0.354948805461 0.578571428571 0.501706484642 0.814285714286
0 0.00853242320819 0.639285714286 0.156996587031 0.9107142857140 0.525597269625 0.675 0.704778156997 0.803571428571
0 0.561433447099 0.471428571429 0.757679180887 0.664285714286
0 0.354948805461 0.578571428571 0.501706484642 0.814285714286
0 0.00853242320819 0.639285714286 0.156996587031 0.9107142857140 0.525597269625 0.675 0.704778156997 0.803571428571
0 0.561433447099 0.471428571429 0.757679180887 0.664285714286
0 0.354948805461 0.578571428571 0.501706484642 0.814285714286
0 0.00853242320819 0.639285714286 0.156996587031 0.9107142857140 0.525597269625 0.675 0.704778156997 0.803571428571
0 0.561433447099 0.471428571429 0.757679180887 0.664285714286
0 0.354948805461 0.578571428571 0.501706484642 0.814285714286
0 0.00853242320819 0.639285714286 0.156996587031 0.9107142857140 0.525597269625 0.675 0.704778156997 0.803571428571
0 0.561433447099 0.471428571429 0.757679180887 0.664285714286
0 0.354948805461 0.578571428571 0.501706484642 0.814285714286
0 0.00853242320819 0.639285714286 0.156996587031 0.9107142857140 0.525597269625 0.675 0.704778156997 0.803571428571
0 0.561433447099 0.471428571429 0.757679180887 0.664285714286
0 0.354948805461 0.578571428571 0.501706484642 0.814285714286
0 0.00853242320819 0.639285714286 0.156996587031 0.9107142857140 0.163822525597 0.385714285714 0.344709897611 0.75
0 0.419795221843 0.821428571429 0.67747440273 0.928571428571
0 0.525597269625 0.675 0.704778156997 0.803571428571
0 0.561433447099 0.471428571429 0.757679180887 0.664285714286
0 0.354948805461 0.578571428571 0.501706484642 0.814285714286
0 0.00853242320819 0.639285714286 0.156996587031 0.910714285714