0 0.793871866295 0.239285714286 0.986072423398 0.442857142857
0 0.788300835655 0.0678571428571 0.994428969359 0.246428571429
0 0.590529247911 0.0 0.782729805014 0.257142857143
0 0.384401114206 0.0285714285714 0.58495821727 0.228571428571
0 0.192200557103 0.0285714285714 0.376044568245 0.25
0 0.0139275766017 0.0107142857143 0.186629526462 0.232142857143
0 0.016713091922 0.25 0.203342618384 0.417857142857
0 0.025069637883 0.442857142857 0.220055710306 0.657142857143
0 0.0306406685237 0.682142857143 0.228412256267 0.896428571429
0 0.242339832869 0.675 0.451253481894 0.921428571429
0 0.228412256267 0.439285714286 0.462395543175 0.664285714286
0 0.203342618384 0.257142857143 0.392757660167 0.432142857143
0 0.392757660167 0.235714285714 0.545961002786 0.432142857143
0 0.568245125348 0.253571428571 0.766016713092 0.432142857143
0 0.470752089136 0.446428571429 0.693593314763 0.682142857143
0 0.451253481894 0.685714285714 0.66852367688 0.9071428571430 0.793871866295 0.239285714286 0.986072423398 0.442857142857
0 0.788300835655 0.0678571428571 0.994428969359 0.246428571429
0 0.590529247911 0.0 0.782729805014 0.257142857143
0 0.384401114206 0.0285714285714 0.58495821727 0.228571428571
0 0.192200557103 0.0285714285714 0.376044568245 0.25
0 0.0139275766017 0.0107142857143 0.186629526462 0.232142857143
0 0.016713091922 0.25 0.203342618384 0.417857142857
0 0.025069637883 0.442857142857 0.220055710306 0.657142857143
0 0.0306406685237 0.682142857143 0.228412256267 0.896428571429
0 0.242339832869 0.675 0.451253481894 0.921428571429
0 0.228412256267 0.439285714286 0.462395543175 0.664285714286
0 0.203342618384 0.257142857143 0.392757660167 0.432142857143
0 0.392757660167 0.235714285714 0.545961002786 0.432142857143
0 0.568245125348 0.253571428571 0.766016713092 0.432142857143
0 0.470752089136 0.446428571429 0.693593314763 0.682142857143
0 0.451253481894 0.685714285714 0.66852367688 0.9071428571430 0.793871866295 0.239285714286 0.986072423398 0.442857142857
0 0.788300835655 0.0678571428571 0.994428969359 0.246428571429
0 0.590529247911 0.0 0.782729805014 0.257142857143
0 0.384401114206 0.0285714285714 0.58495821727 0.228571428571
0 0.192200557103 0.0285714285714 0.376044568245 0.25
0 0.0139275766017 0.0107142857143 0.186629526462 0.232142857143
0 0.016713091922 0.25 0.203342618384 0.417857142857
0 0.025069637883 0.442857142857 0.220055710306 0.657142857143
0 0.0306406685237 0.682142857143 0.228412256267 0.896428571429
0 0.242339832869 0.675 0.451253481894 0.921428571429
0 0.228412256267 0.439285714286 0.462395543175 0.664285714286
0 0.203342618384 0.257142857143 0.392757660167 0.432142857143
0 0.392757660167 0.235714285714 0.545961002786 0.432142857143
0 0.568245125348 0.253571428571 0.766016713092 0.432142857143
0 0.470752089136 0.446428571429 0.693593314763 0.682142857143
0 0.451253481894 0.685714285714 0.66852367688 0.9071428571430 0.793871866295 0.239285714286 0.986072423398 0.442857142857
0 0.788300835655 0.0678571428571 0.994428969359 0.246428571429
0 0.590529247911 0.0 0.782729805014 0.257142857143
0 0.384401114206 0.0285714285714 0.58495821727 0.228571428571
0 0.192200557103 0.0285714285714 0.376044568245 0.25
0 0.0139275766017 0.0107142857143 0.186629526462 0.232142857143
0 0.016713091922 0.25 0.203342618384 0.417857142857
0 0.025069637883 0.442857142857 0.220055710306 0.657142857143
0 0.0306406685237 0.682142857143 0.228412256267 0.896428571429
0 0.242339832869 0.675 0.451253481894 0.921428571429
0 0.228412256267 0.439285714286 0.462395543175 0.664285714286
0 0.203342618384 0.257142857143 0.392757660167 0.432142857143
0 0.392757660167 0.235714285714 0.545961002786 0.432142857143
0 0.568245125348 0.253571428571 0.766016713092 0.432142857143
0 0.470752089136 0.446428571429 0.693593314763 0.682142857143
0 0.451253481894 0.685714285714 0.66852367688 0.9071428571430 0.793871866295 0.239285714286 0.986072423398 0.442857142857
0 0.788300835655 0.0678571428571 0.994428969359 0.246428571429
0 0.590529247911 0.0 0.782729805014 0.257142857143
0 0.384401114206 0.0285714285714 0.58495821727 0.228571428571
0 0.192200557103 0.0285714285714 0.376044568245 0.25
0 0.0139275766017 0.0107142857143 0.186629526462 0.232142857143
0 0.016713091922 0.25 0.203342618384 0.417857142857
0 0.025069637883 0.442857142857 0.220055710306 0.657142857143
0 0.0306406685237 0.682142857143 0.228412256267 0.896428571429
0 0.242339832869 0.675 0.451253481894 0.921428571429
0 0.228412256267 0.439285714286 0.462395543175 0.664285714286
0 0.203342618384 0.257142857143 0.392757660167 0.432142857143
0 0.392757660167 0.235714285714 0.545961002786 0.432142857143
0 0.568245125348 0.253571428571 0.766016713092 0.432142857143
0 0.470752089136 0.446428571429 0.693593314763 0.682142857143
0 0.451253481894 0.685714285714 0.66852367688 0.9071428571430 0.793871866295 0.239285714286 0.986072423398 0.442857142857
0 0.788300835655 0.0678571428571 0.994428969359 0.246428571429
0 0.590529247911 0.0 0.782729805014 0.257142857143
0 0.384401114206 0.0285714285714 0.58495821727 0.228571428571
0 0.192200557103 0.0285714285714 0.376044568245 0.25
0 0.0139275766017 0.0107142857143 0.186629526462 0.232142857143
0 0.016713091922 0.25 0.203342618384 0.417857142857
0 0.025069637883 0.442857142857 0.220055710306 0.657142857143
0 0.0306406685237 0.682142857143 0.228412256267 0.896428571429
0 0.242339832869 0.675 0.451253481894 0.921428571429
0 0.228412256267 0.439285714286 0.462395543175 0.664285714286
0 0.203342618384 0.257142857143 0.392757660167 0.432142857143
0 0.392757660167 0.235714285714 0.545961002786 0.432142857143
0 0.568245125348 0.253571428571 0.766016713092 0.432142857143
0 0.470752089136 0.446428571429 0.693593314763 0.682142857143
0 0.451253481894 0.685714285714 0.66852367688 0.9071428571430 0.685236768802 0.678571428571 0.977715877437 0.9
0 0.713091922006 0.453571428571 0.986072423398 0.657142857143
0 0.793871866295 0.239285714286 0.986072423398 0.442857142857
0 0.788300835655 0.0678571428571 0.994428969359 0.246428571429
0 0.590529247911 0.0 0.782729805014 0.257142857143
0 0.384401114206 0.0285714285714 0.58495821727 0.228571428571
0 0.192200557103 0.0285714285714 0.376044568245 0.25
0 0.0139275766017 0.0107142857143 0.186629526462 0.232142857143
0 0.016713091922 0.25 0.203342618384 0.417857142857
0 0.025069637883 0.442857142857 0.220055710306 0.657142857143
0 0.0306406685237 0.682142857143 0.228412256267 0.896428571429
0 0.242339832869 0.675 0.451253481894 0.921428571429
0 0.228412256267 0.439285714286 0.462395543175 0.664285714286
0 0.203342618384 0.257142857143 0.392757660167 0.432142857143
0 0.392757660167 0.235714285714 0.545961002786 0.432142857143
0 0.568245125348 0.253571428571 0.766016713092 0.432142857143
0 0.470752089136 0.446428571429 0.693593314763 0.682142857143
0 0.451253481894 0.685714285714 0.66852367688 0.907142857143