0 0.0303687635575 0.3 0.188720173536 0.539285714286
0 0.00650759219089 0.535714285714 0.0824295010846 0.625
0 0.199566160521 0.0214285714286 0.39262472885 0.285714285714
0 0.357917570499 0.00357142857143 0.375271149675 0.0357142857143
0 0.388286334056 0.00714285714286 0.462039045553 0.142857142857
0 0.613882863341 0.0428571428571 0.737527114967 0.15
0 0.646420824295 0.153571428571 0.82863340564 0.521428571429
0 0.845986984816 0.167857142857 0.958785249458 0.378571428571
0 0.800433839479 0.421428571429 0.960954446855 0.689285714286
0 0.872017353579 0.714285714286 0.960954446855 0.892857142857
0 0.720173535792 0.539285714286 0.787418655098 0.625
0 0.524945770065 0.457142857143 0.704989154013 0.685714285714
0 0.633405639913 0.657142857143 0.85032537961 0.9
0 0.427331887202 0.621428571429 0.592190889371 0.875
0 0.377440347072 0.0392857142857 0.620390455531 0.571428571429
0 0.227765726681 0.6 0.412147505423 0.885714285714
0 0.119305856833 0.757142857143 0.216919739696 0.889285714286
0 0.0195227765727 0.507142857143 0.251626898048 0.792857142857
0 0.232104121475 0.321428571429 0.379609544469 0.5321428571430 0.0303687635575 0.3 0.188720173536 0.539285714286
0 0.00650759219089 0.535714285714 0.0824295010846 0.625
0 0.199566160521 0.0214285714286 0.39262472885 0.285714285714
0 0.357917570499 0.00357142857143 0.375271149675 0.0357142857143
0 0.388286334056 0.00714285714286 0.462039045553 0.142857142857
0 0.613882863341 0.0428571428571 0.737527114967 0.15
0 0.646420824295 0.153571428571 0.82863340564 0.521428571429
0 0.845986984816 0.167857142857 0.958785249458 0.378571428571
0 0.800433839479 0.421428571429 0.960954446855 0.689285714286
0 0.872017353579 0.714285714286 0.960954446855 0.892857142857
0 0.720173535792 0.539285714286 0.787418655098 0.625
0 0.524945770065 0.457142857143 0.704989154013 0.685714285714
0 0.633405639913 0.657142857143 0.85032537961 0.9
0 0.427331887202 0.621428571429 0.592190889371 0.875
0 0.377440347072 0.0392857142857 0.620390455531 0.571428571429
0 0.227765726681 0.6 0.412147505423 0.885714285714
0 0.119305856833 0.757142857143 0.216919739696 0.889285714286
0 0.0195227765727 0.507142857143 0.251626898048 0.792857142857
0 0.232104121475 0.321428571429 0.379609544469 0.5321428571430 0.0303687635575 0.3 0.188720173536 0.539285714286
0 0.00650759219089 0.535714285714 0.0824295010846 0.625
0 0.199566160521 0.0214285714286 0.39262472885 0.285714285714
0 0.357917570499 0.00357142857143 0.375271149675 0.0357142857143
0 0.388286334056 0.00714285714286 0.462039045553 0.142857142857
0 0.613882863341 0.0428571428571 0.737527114967 0.15
0 0.646420824295 0.153571428571 0.82863340564 0.521428571429
0 0.845986984816 0.167857142857 0.958785249458 0.378571428571
0 0.800433839479 0.421428571429 0.960954446855 0.689285714286
0 0.872017353579 0.714285714286 0.960954446855 0.892857142857
0 0.720173535792 0.539285714286 0.787418655098 0.625
0 0.524945770065 0.457142857143 0.704989154013 0.685714285714
0 0.633405639913 0.657142857143 0.85032537961 0.9
0 0.427331887202 0.621428571429 0.592190889371 0.875
0 0.377440347072 0.0392857142857 0.620390455531 0.571428571429
0 0.227765726681 0.6 0.412147505423 0.885714285714
0 0.119305856833 0.757142857143 0.216919739696 0.889285714286
0 0.0195227765727 0.507142857143 0.251626898048 0.792857142857
0 0.232104121475 0.321428571429 0.379609544469 0.5321428571430 0.0303687635575 0.3 0.188720173536 0.539285714286
0 0.00650759219089 0.535714285714 0.0824295010846 0.625
0 0.199566160521 0.0214285714286 0.39262472885 0.285714285714
0 0.357917570499 0.00357142857143 0.375271149675 0.0357142857143
0 0.388286334056 0.00714285714286 0.462039045553 0.142857142857
0 0.613882863341 0.0428571428571 0.737527114967 0.15
0 0.646420824295 0.153571428571 0.82863340564 0.521428571429
0 0.845986984816 0.167857142857 0.958785249458 0.378571428571
0 0.800433839479 0.421428571429 0.960954446855 0.689285714286
0 0.872017353579 0.714285714286 0.960954446855 0.892857142857
0 0.720173535792 0.539285714286 0.787418655098 0.625
0 0.524945770065 0.457142857143 0.704989154013 0.685714285714
0 0.633405639913 0.657142857143 0.85032537961 0.9
0 0.427331887202 0.621428571429 0.592190889371 0.875
0 0.377440347072 0.0392857142857 0.620390455531 0.571428571429
0 0.227765726681 0.6 0.412147505423 0.885714285714
0 0.119305856833 0.757142857143 0.216919739696 0.889285714286
0 0.0195227765727 0.507142857143 0.251626898048 0.792857142857
0 0.232104121475 0.321428571429 0.379609544469 0.5321428571430 0.0303687635575 0.3 0.188720173536 0.539285714286
0 0.00650759219089 0.535714285714 0.0824295010846 0.625
0 0.199566160521 0.0214285714286 0.39262472885 0.285714285714
0 0.357917570499 0.00357142857143 0.375271149675 0.0357142857143
0 0.388286334056 0.00714285714286 0.462039045553 0.142857142857
0 0.613882863341 0.0428571428571 0.737527114967 0.15
0 0.646420824295 0.153571428571 0.82863340564 0.521428571429
0 0.845986984816 0.167857142857 0.958785249458 0.378571428571
0 0.800433839479 0.421428571429 0.960954446855 0.689285714286
0 0.872017353579 0.714285714286 0.960954446855 0.892857142857
0 0.720173535792 0.539285714286 0.787418655098 0.625
0 0.524945770065 0.457142857143 0.704989154013 0.685714285714
0 0.633405639913 0.657142857143 0.85032537961 0.9
0 0.427331887202 0.621428571429 0.592190889371 0.875
0 0.377440347072 0.0392857142857 0.620390455531 0.571428571429
0 0.227765726681 0.6 0.412147505423 0.885714285714
0 0.119305856833 0.757142857143 0.216919739696 0.889285714286
0 0.0195227765727 0.507142857143 0.251626898048 0.792857142857
0 0.232104121475 0.321428571429 0.379609544469 0.5321428571430 0.0303687635575 0.3 0.188720173536 0.539285714286
0 0.00650759219089 0.535714285714 0.0824295010846 0.625
0 0.199566160521 0.0214285714286 0.39262472885 0.285714285714
0 0.357917570499 0.00357142857143 0.375271149675 0.0357142857143
0 0.388286334056 0.00714285714286 0.462039045553 0.142857142857
0 0.613882863341 0.0428571428571 0.737527114967 0.15
0 0.646420824295 0.153571428571 0.82863340564 0.521428571429
0 0.845986984816 0.167857142857 0.958785249458 0.378571428571
0 0.800433839479 0.421428571429 0.960954446855 0.689285714286
0 0.872017353579 0.714285714286 0.960954446855 0.892857142857
0 0.720173535792 0.539285714286 0.787418655098 0.625
0 0.524945770065 0.457142857143 0.704989154013 0.685714285714
0 0.633405639913 0.657142857143 0.85032537961 0.9
0 0.427331887202 0.621428571429 0.592190889371 0.875
0 0.377440347072 0.0392857142857 0.620390455531 0.571428571429
0 0.227765726681 0.6 0.412147505423 0.885714285714
0 0.119305856833 0.757142857143 0.216919739696 0.889285714286
0 0.0195227765727 0.507142857143 0.251626898048 0.792857142857
0 0.232104121475 0.321428571429 0.379609544469 0.5321428571430 0.0173535791757 0.025 0.175704989154 0.267857142857
0 0.145336225597 0.232142857143 0.247288503254 0.357142857143
0 0.0303687635575 0.3 0.188720173536 0.539285714286
0 0.00650759219089 0.535714285714 0.0824295010846 0.625
0 0.199566160521 0.0214285714286 0.39262472885 0.285714285714
0 0.357917570499 0.00357142857143 0.375271149675 0.0357142857143
0 0.388286334056 0.00714285714286 0.462039045553 0.142857142857
0 0.613882863341 0.0428571428571 0.737527114967 0.15
0 0.646420824295 0.153571428571 0.82863340564 0.521428571429
0 0.845986984816 0.167857142857 0.958785249458 0.378571428571
0 0.800433839479 0.421428571429 0.960954446855 0.689285714286
0 0.872017353579 0.714285714286 0.960954446855 0.892857142857
0 0.720173535792 0.539285714286 0.787418655098 0.625
0 0.524945770065 0.457142857143 0.704989154013 0.685714285714
0 0.633405639913 0.657142857143 0.85032537961 0.9
0 0.427331887202 0.621428571429 0.592190889371 0.875
0 0.377440347072 0.0392857142857 0.620390455531 0.571428571429
0 0.227765726681 0.6 0.412147505423 0.885714285714
0 0.119305856833 0.757142857143 0.216919739696 0.889285714286
0 0.0195227765727 0.507142857143 0.251626898048 0.792857142857
0 0.232104121475 0.321428571429 0.379609544469 0.532142857143