0 0.503846153846 0.0392857142857 0.703846153846 0.175
0 0.742307692308 0.0178571428571 0.965384615385 0.178571428571
0 0.738461538462 0.214285714286 0.961538461538 0.417857142857
0 0.492307692308 0.207142857143 0.715384615385 0.442857142857
0 0.288461538462 0.239285714286 0.465384615385 0.428571428571
0 0.0269230769231 0.235714285714 0.230769230769 0.45
0 0.0307692307692 0.485714285714 0.223076923077 0.65
0 0.0115384615385 0.675 0.234615384615 0.928571428571
0 0.273076923077 0.453571428571 0.476923076923 0.65
0 0.257692307692 0.660714285714 0.488461538462 0.903571428571
0 0.507692307692 0.471428571429 0.711538461538 0.653571428571
0 0.746153846154 0.457142857143 0.957692307692 0.653571428571
0 0.773076923077 0.721428571429 0.980769230769 0.935714285714
0 0.507692307692 0.689285714286 0.75 0.9142857142860 0.503846153846 0.0392857142857 0.703846153846 0.175
0 0.742307692308 0.0178571428571 0.965384615385 0.178571428571
0 0.738461538462 0.214285714286 0.961538461538 0.417857142857
0 0.492307692308 0.207142857143 0.715384615385 0.442857142857
0 0.288461538462 0.239285714286 0.465384615385 0.428571428571
0 0.0269230769231 0.235714285714 0.230769230769 0.45
0 0.0307692307692 0.485714285714 0.223076923077 0.65
0 0.0115384615385 0.675 0.234615384615 0.928571428571
0 0.273076923077 0.453571428571 0.476923076923 0.65
0 0.257692307692 0.660714285714 0.488461538462 0.903571428571
0 0.507692307692 0.471428571429 0.711538461538 0.653571428571
0 0.746153846154 0.457142857143 0.957692307692 0.653571428571
0 0.773076923077 0.721428571429 0.980769230769 0.935714285714
0 0.507692307692 0.689285714286 0.75 0.9142857142860 0.503846153846 0.0392857142857 0.703846153846 0.175
0 0.742307692308 0.0178571428571 0.965384615385 0.178571428571
0 0.738461538462 0.214285714286 0.961538461538 0.417857142857
0 0.492307692308 0.207142857143 0.715384615385 0.442857142857
0 0.288461538462 0.239285714286 0.465384615385 0.428571428571
0 0.0269230769231 0.235714285714 0.230769230769 0.45
0 0.0307692307692 0.485714285714 0.223076923077 0.65
0 0.0115384615385 0.675 0.234615384615 0.928571428571
0 0.273076923077 0.453571428571 0.476923076923 0.65
0 0.257692307692 0.660714285714 0.488461538462 0.903571428571
0 0.507692307692 0.471428571429 0.711538461538 0.653571428571
0 0.746153846154 0.457142857143 0.957692307692 0.653571428571
0 0.773076923077 0.721428571429 0.980769230769 0.935714285714
0 0.507692307692 0.689285714286 0.75 0.9142857142860 0.503846153846 0.0392857142857 0.703846153846 0.175
0 0.742307692308 0.0178571428571 0.965384615385 0.178571428571
0 0.738461538462 0.214285714286 0.961538461538 0.417857142857
0 0.492307692308 0.207142857143 0.715384615385 0.442857142857
0 0.288461538462 0.239285714286 0.465384615385 0.428571428571
0 0.0269230769231 0.235714285714 0.230769230769 0.45
0 0.0307692307692 0.485714285714 0.223076923077 0.65
0 0.0115384615385 0.675 0.234615384615 0.928571428571
0 0.273076923077 0.453571428571 0.476923076923 0.65
0 0.257692307692 0.660714285714 0.488461538462 0.903571428571
0 0.507692307692 0.471428571429 0.711538461538 0.653571428571
0 0.746153846154 0.457142857143 0.957692307692 0.653571428571
0 0.773076923077 0.721428571429 0.980769230769 0.935714285714
0 0.507692307692 0.689285714286 0.75 0.9142857142860 0.503846153846 0.0392857142857 0.703846153846 0.175
0 0.742307692308 0.0178571428571 0.965384615385 0.178571428571
0 0.738461538462 0.214285714286 0.961538461538 0.417857142857
0 0.492307692308 0.207142857143 0.715384615385 0.442857142857
0 0.288461538462 0.239285714286 0.465384615385 0.428571428571
0 0.0269230769231 0.235714285714 0.230769230769 0.45
0 0.0307692307692 0.485714285714 0.223076923077 0.65
0 0.0115384615385 0.675 0.234615384615 0.928571428571
0 0.273076923077 0.453571428571 0.476923076923 0.65
0 0.257692307692 0.660714285714 0.488461538462 0.903571428571
0 0.507692307692 0.471428571429 0.711538461538 0.653571428571
0 0.746153846154 0.457142857143 0.957692307692 0.653571428571
0 0.773076923077 0.721428571429 0.980769230769 0.935714285714
0 0.507692307692 0.689285714286 0.75 0.9142857142860 0.503846153846 0.0392857142857 0.703846153846 0.175
0 0.742307692308 0.0178571428571 0.965384615385 0.178571428571
0 0.738461538462 0.214285714286 0.961538461538 0.417857142857
0 0.492307692308 0.207142857143 0.715384615385 0.442857142857
0 0.288461538462 0.239285714286 0.465384615385 0.428571428571
0 0.0269230769231 0.235714285714 0.230769230769 0.45
0 0.0307692307692 0.485714285714 0.223076923077 0.65
0 0.0115384615385 0.675 0.234615384615 0.928571428571
0 0.273076923077 0.453571428571 0.476923076923 0.65
0 0.257692307692 0.660714285714 0.488461538462 0.903571428571
0 0.507692307692 0.471428571429 0.711538461538 0.653571428571
0 0.746153846154 0.457142857143 0.957692307692 0.653571428571
0 0.773076923077 0.721428571429 0.980769230769 0.935714285714
0 0.507692307692 0.689285714286 0.75 0.9142857142860 0.0269230769231 0.0464285714286 0.211538461538 0.196428571429
0 0.280769230769 0.0392857142857 0.465384615385 0.185714285714
0 0.503846153846 0.0392857142857 0.703846153846 0.175
0 0.742307692308 0.0178571428571 0.965384615385 0.178571428571
0 0.738461538462 0.214285714286 0.961538461538 0.417857142857
0 0.492307692308 0.207142857143 0.715384615385 0.442857142857
0 0.288461538462 0.239285714286 0.465384615385 0.428571428571
0 0.0269230769231 0.235714285714 0.230769230769 0.45
0 0.0307692307692 0.485714285714 0.223076923077 0.65
0 0.0115384615385 0.675 0.234615384615 0.928571428571
0 0.273076923077 0.453571428571 0.476923076923 0.65
0 0.257692307692 0.660714285714 0.488461538462 0.903571428571
0 0.507692307692 0.471428571429 0.711538461538 0.653571428571
0 0.746153846154 0.457142857143 0.957692307692 0.653571428571
0 0.773076923077 0.721428571429 0.980769230769 0.935714285714
0 0.507692307692 0.689285714286 0.75 0.914285714286